# Velocidad en baudios: 2400
00
00 08 28 08 09 29 08 6b 68 21 29 09 28 21 08 00 08 28 08 09 29 08 69 68 21 6b 09 28 63 08 00 08 28 08 09 29 08 69 28 21 69 09 28 61 08 00 08 6b 61 29 29 08 68 09 08 08 08 08 21 21 01 00 08 6b 61 29 29 08 68 09 08 08 08 08 21 21 01
00 08 6b 61 29 29 08 68 09 08 08 08 08 21 21 01
# STREAM TERMINADO
00 00 08 08 61
09 29 08 69 28 63 69 09 68 61 08 00 08 08 21 0b 29 08 6b 68 21 29 09 28 21 08 00 08 08 61 09 29 08 69 28 63 69 09 68 61 08 00 08 69 21 6b 69 08 28 09 08 08 08 08 61 21 01 00 08 29 21 69 29 08 68 09 08 08 08 08 61 21 01
00 08 29 63 69 29 08 68 09 08 08 08 08 21 21 01
# STREAM TERMINADO
00 00 08 61 08 09 69 08 29
68 61 29 0b 61 21 08 00 08 21 08 09 6b 08 29 28 61 29 09 61 61 08 00 08 21 08 09 6b 08 29 28 63 69 09 63 61 08 00 08 29 21 69 29 08 68 09 08 08 08 08 21 21 01 00 08 69 21 6b 69 08 28 09 08 08 08 08 61 21 01
00 08 6b 61 29 29 08 28 09 08 08 08 08 21 63 01
# STREAM TERMINADO
00 00 08 28 08 09 29 08 69 28 63 69 09
68 61 08 00 08 28 08 09 29 08 69 28 63 69 09 68 61 08 00 08 28 08 09 29 08 69 68 21 6b 09 28 63 08 00 08 29 21 6b 69 08 68 09 08 08 08 08 61 21 01 00 08 69 61 29 6b 08 28 09 08 08 08 08 21 63 01
00 08 29 21 69 29 08 68 09 08 08 08 08 21 21 03
# STREAM TERMINADO
00 00 08 08 21 09 6b 08 29 28 63 69 09 68 61 08
00 08 08 21 0b 69 08 6b 68 21 29 09 28 21 08 00 08 08 63 09 29 08 69 68 21 6b 09 28 21 08 00 08 29 63 69 29 08 68 09 08 08 08 08 21 21 03 00 08 29 21 69 69 08 68 09 08 08 08 08 61 21 01
00 08 29 21 6b 69 08 28 09 08 08 08 08 21 61 01
# STREAM TERMINADO
00 00 08 61 08 0b 69 08 6b 68 21 29 09 21 21 08
00 08 61 08 09 69 08 29 68 61 29 0b 61 21 08 00 08 61 08 0b 69 08 6b 68 21 29 09 21 21 08 00 08 29 21 69 29 08 68 09 08 08 08 08 61 21 01 00 08 29 21 69 29 08 68 09 08 08 08 08 21 21 03
00 08 29 21 69 29 08 68 09 08 08 08 08 21 21 03
# STREAM TERMINADO
00 00 08 68 08 09 6b 08 29 28 61 29 09 68 21 08
00 08 68 08 09 69 08 29 68 61 29 0b 68 21 08 00 08 68 08 09 6b 08 29 28 61 29 09 68 21 08 00 08 29 21 69 29 08 68 09 08 08 08 08 61 21 01 00 08 29 63 69 29 08 68 09 08 08 08 08 21 21 01 00
08 29 21 6b 69 08 68 09 08 08 08 08 61 21 01
# STREAM TERMINADO
00 00 08 08 21 09 69 08 29 68 61 29 0b 68 21 08
00 08 08 61 09 29 08 29 28 63 69 09 68 61 08 00 08 08 21 09 69 08 29 68 61 29 0b 28 21 08 00 08 29 63 69 29 08 68 09 08 08 08 08 21 21 01 00 08 29 21 69 29 08 68 09 08 08 08 08 21 21 03 00 08 69 61
29 6b 08 28 0b 08 08 08 08 63 61 01
# STREAM TERMINADO
00 00 08 61 08 0b 69 08 29 68 21 29 09 21 21 08
00 08 21 08 09 29 08 69 68 21 6b 09 21 63 08 00 08 61 08 0b 29 08 6b 68 21 6b 09 21 21 08 00 08 69 21 6b 69 08 28 09 08 08 08 08 61 61 01 00 08 29 21 69 29 08 68 09 08 08 08 08 61 21 03 00 08 69 21 29 69 08
28 09 08 08 08 08 61 21 01
# STREAM TERMINADO
