# Velocidad en baudios: 2400
00 00 08 63 08 29 09 08 69 28 29 6b 61 08 21 08
00 08 63 08 29 09 08 69 28 29 6b 61 08 21 08 00 08 21 08 69 09 08 6b 68 69 29 21 08 61 08 00 08 29 21 29 6b 08 28 09 08 08 08 08 61 61 01 00 08 69 21 29 6b 08 68 09 08 08 08 08 61 61 01 00 08 69 61 29 29 08 68 09 08 08 08 08 63 63 01
# STREAM TERMINADO
00 00 08 68 08 29 09 08 69 68 29 29 6b 09 21
00 08 28 08 6b 09 08 29 28 69 69 29 09 61 00 08 68 08 29 0b 08 29 28 6b 69 69 09 63 00 08 69 61 29 29 08 68 09 08 08 08 08 21 21 01 00 08 69 61 29 6b 08 68 09 08 08 08 08 63 63 01 00 08 69 61 69 29 08 68 09 08 08 08 08 21 21 01
# STREAM TERMINADO
00 00 08 08 63 6b 09 08 29 68 69 69 29 68 63 00 08 08 21
29 0b 08 29 28 6b 69 69 28 21 00 08 08 21 29 0b 08 29 28 6b 69 69 28 21 00 08 6b 63 69 29 08 68 09 08 08 08 08 21 21 01 00 08 29 63 69 69 08 28 0b 08 08 08 08 21 21 03 00 08 29 21 69 69 08 28 0b 08 08 08 08 21 21 01
# STREAM TERMINADO
00 00 08 61 08 29 09 08 29 28 6b 69 21 08 63 08 00 08 21 08 6b 09 08 29 28
69 69 21 08 63 08 00 08 21 08 69 09 08 6b 68 69 29 21 08 61 08 00 08 29 21 69 69 08 28 0b 08 08 08 08 21 21 03 00 08 6b 63 69 29 08 68 09 08 08 08 08 21 21 01 00 08 29 21 6b 69 08 28 09 08 08 08 08 61 61 01
# STREAM TERMINADO
00 00 08 68 08 29 0b 08 29 28 6b 69 29 09 63 00 08 68 08 6b 09 08 29 28 69 69 29 09 63
00 08 68 08 6b 09 08 29 28 6b 69 29 09 63 00 08 29 21 6b 69 08 28 09 08 08 08 08 61 21 01 00 08 29 63 69 29 08 28 09 08 08 08 08 21 21 01 00 08 69 61 69 29 08 68 09 08 08 08 08 21 63 01
# STREAM TERMINADO
00 00 08 08 21 29 0b 08 69 28 29 6b 69 68 21 00 08 08 21 6b 09 08 29 28 6b 69 69 28 21
00 08 08 21 6b 09 08 29 28 6b 69 69 28 21 00 08 29 63 69 69 08 28 09 08 08 08 08 21 21 03 00 08 29 21 6b 69 08 28 09 08 08 08 08 61 61 01 00 08 29 21 69 69 08 28 0b 08 08 08 08 21 21 01
# STREAM TERMINADO
00 00 08 21 08 6b 09 08 29 68 69 69 21 08 63 08 00 08 63 08 69 09 08 69 68 29 29 63 08 21 08
00 08 21 08 6b 09 08 29 68 69 69 21 08 61 08 00 08 6b 63 69 29 08 68 09 08 08 08 08 21 21 01 00 08 29 63 69 29 08 28 09 08 08 08 08 21 21 03 00 08 29 21 6b 69 08 28 0b 08 08 08 08 21 21 01
# STREAM TERMINADO
00 00 08 68 08 29 09 08 29 28 29 6b 69 09 21 00 08 68 08 29 0b 08 29 28 29 69 69 09 21
00 08 68 08 29 09 08 69 28 29 6b 69 09 21 00 08 29 63 69 69 08 28 0b 08 08 08 08 21 21 03 00 08 69 61 29 6b 08 68 09 08 08 08 08 63 61 01 00 08 6b 63 69 29 08 68 09 08 08 08 08 21 63 01
# STREAM TERMINADO
00 00 08 08 61 69 09 08 69 68 29 29 6b 68 61 00 08 08 63 6b 09 08 29 28 6b 69 29 28 21
00 08 08 21 29 09 08 69 28 29 6b 69 28 21 00 08 6b 61 69 29 08 68 09 08 08 08 08 21 63 01 00 08 6b 61 69 29 08 68 09 08 08 08 08 21 63 01 00 08 69 61 29 29 08 68 09 08 08 08 08 63 61 01
# STREAM TERMINADO
00 00 08 21 08 69 09 08 69 68 69 29 63 08 61 08 00 08 21 08 6b 09 08 6b 68 69 29 21 08 61 08
00 08 61 08 29 0b 08 29 28 6b 69 21 08 63 08 00 08 29 63 69 29 08 28 09 08 08 08 08 21 21 03 00 08 29 63 69 69 08 28 09 08 08 08 08 21 21 03 00 08 69 21 29 6b 08 68 09 08 08 08 08 61 61 01
# STREAM TERMINADO
00 00 08 68 08 29 09 08 69 28 29 6b 69 09 21 00 08 28 08 69 09 08 69 68 29 29 6b 09 21
00 08 28 08 69 09 08 69 68 29 29 6b 09 21 00 08 6b 63 69 29 08 68 09 08 08 08 08 21 21 01 00 08 29 21 69 69 08 28 0b 08 08 08 08 61 21 01 00 08 69 21 29 6b 08 68 09 08 08 08 08 61 61 01
# STREAM TERMINADO
00 00 08 08 21 29 09 08 69 28 29 6b 69 28 21 00 08 08 21 29 09 08 69 28 29 6b 69 28 21
00 08 08 21 6b 09 08 29 28 69 69 29 28 63 00 08 69 61 29 29 08 68 09 08 08 08 08 21 21 01 00 08 29 21 6b 69 08 28 09 08 08 08 08 61 61 01 00 08 69 61 29 29 08 68 09 08 08 08 08 63 63 01
# STREAM TERMINADO
00 00 08 21 08 69 09 08 69 68 29 29 63 08 21 08 00 08 21 08 69 09 08 6b 68 69 29 21 08 61 08 00 08 21
08 69 09 08 6b 68 69 29 21 08 61 08 00 08 29 21 6b 69 08 28 09 08 08 08 08 61 21 01 00 08 29 21 6b 69 08 28 0b 08 08 08 08 21 21 01 00 08 6b 63 69 29 08 68 09 08 08 08 08 21 63 01
# STREAM TERMINADO
00 00 08 68 08 29 09 08 69 28 29 6b 69 09 21 00 08 68 08 29 09 08 69 68 29 29 6b 09 21 00 08 28 08 69 09 08 69 68 29 29 6b
09 21 00 08 29 21 69 69 08 28 0b 08 08 08 08 21 21 03 00 08 69 21 29 6b 08 68 09 08 08 08 08 61 61 01 00 08 69 61 29 29 08 68 09 08 08 08 08 61 61 01
# STREAM TERMINADO
00 00 08 08 61 69 09 08 69 68 29 29 6b 68 61 00 08 08 61 69 09 08 69 68 29 29 6b 68 61 00 08 08 61 29 09 08 69 68 29 6b 69 68 21
00 08 6b 63 69 29 08 68 09 08 08 08 08 21 63 01 00 08 29 63 69 29 08 28 09 08 08 08 08 21 21 03 00 08 6b 61 69 29 08 68 09 08 08 08 08 21 63 01
# STREAM TERMINADO
00 00 08 61 08 29 0b 08 29 28 6b 69 21 08 63 08 00 08 63 08 29 0b 08 29 28 29 69 61 08 21 08 00 08 21 08 69 09 08 69 68 29 6b 61 08 21 08
00 08 29 21 69 69 08 28 0b 08 08 08 08 21 21 03 00 08 29 21 69 69 08 28 0b 08 08 08 08 21 21 03 00 08 6b 63 69 29 08 28 09 08 08 08 08 21 21 01
# STREAM TERMINADO
00 00 08 68 08 6b 09 08 29 28 69 69 29 09 61 00 08 68 08 29 0b 08 29 28 6b 69 69 09 63 00 08 28 08 69 09 08 69 68 29 6b 69 09 21
00 08 69 21 29 6b 08 28 09 08 08 08 08 61 61 01 00 08 6b 61 69 29 08 68 09 08 08 08 08 63 61 01 00 08 69 21 29 6b 08 68 09 08 08 08 08 61 61 01
# STREAM TERMINADO
00 00 08 08 63 69 09 08 6b 68 69 69 29 28 63 00 08 08 61 29 09 08 69 68 29 6b 69 68 21 00 08 08 63 6b 09 08 29 28 69 69 29 28 63
00 08 6b 61 69 29 08 68 09 08 08 08 08 21 63 01 00 08 6b 61 69 29 08 68 09 08 08 08 08 21 21 01 00 08 29 21 6b 69 08 28 09 08 08 08 08 61 61 01
# STREAM TERMINADO
00 00 08 21 08 69 09 08 69 68 69 29 63 08 61 08 00 08 61 08 29 09 08 69 28 29 6b 61 08 21 08 00 08 61 08 29 0b 08 29 28 6b 69 21 08 21 08
00 08 29 21 69 69 08 28 0b 08 08 08 08 21 21 03 00 08 29 21 69 69 08 28 0b 08 08 08 08 21 21 03 00 08 6b 63 69 29 08 28 09 08 08 08 08 21 21 03
# STREAM TERMINADO
00 00 08 68 08 6b 09 08 29 28 6b 69 29 09 63 00 08 28 08 69 09 08 69 68 69 29 6b 09 61 00 08 68 08 29 09 08 29 28 29 6b 69 09 21
00 08 6b 61 69 29 08 68 09 08 08 08 08 21 63 01 00 08 29 21 6b 69 08 28 09 08 08 08 08 61 21 01 00 08 69 21 29 6b 08 68 09 08 08 08 08 61 61 01
# STREAM TERMINADO
00 00 08 08 21 29 0b 08 29 28 29 69 69 28 21 00 08 08 21 29 0b 08 29 28 6b 69 29 28 63 00 08 08 21 6b 09 08 29 68 69 69 29 68 63
00 08 29 21 69 69 08 28 09 08 08 08 08 21 21 03 00 08 6b 63 69 69 08 28 0b 08 08 08 08 21 21 03 00 08 6b 61 69 29 08 68 09 08 08 08 08 63 63 01
# STREAM TERMINADO
00 00 08 21 08 69 09 08 6b 68 69 29 21 08 61 08 00 08 21 08 69 09 08 69 68 29 6b 61 08 21 08 00 08 61 08 29 0b 08 29 28 6b 69 21 08 63 08
00 08 29 21 69 69 08 28 09 08 08 08 08 21 21 01 00 08 29 21 29 69 08 28 09 08 08 08 08 61 21 01 00 08 6b 61 69 29 08 68 09 08 08 08 08 63 61 01
# STREAM TERMINADO
00 00 08 68 08 29 09 08 29 28 6b 69 29 09 63 00 08 28 08 69 09 08 69 68 29 29 69 09 21 00 08 68 08 29 0b 08 29 28 6b 69 69 09 63 00 08 29 63 69 69 08 28
09 08 08 08 08 21 21 01 00 08 69 61 29 29 08 68 09 08 08 08 08 63 61 01 00 08 29 21 6b 69 08 28 0b 08 08 08 08 21 21 03
# STREAM TERMINADO
00 00 08 08 21 29 0b 08 29 28 6b 69 69 28 21 00 08 08 21 6b 09 08 29 28 6b 69 29 28 63 00 08 08 21 29 0b 08 29 28 6b 69 29 28 63 00 08 6b 63 69 29 08 68 09 08 08
08 08 21 21 01 00 08 6b 61 69 29 08 68 09 08 08 08 08 21 63 01 00 08 69 61 29 29 08 68 09 08 08 08 08 63 63 01
# STREAM TERMINADO
00 00 08 21 08 69 09 08 69 68 29 29 63 08 21 08 00 08 61 08 6b 09 08 29 68 69 29 21 08 61 08 00 08 61 08 29 0b 08 29 28 29 69 61 08 21 08 00 08 29 21 69 69 08 28 09 08 08 08 08 21
21 01 00 08 6b 63 69 29 08 68 09 08 08 08 08 21 21 01 00 08 69 61 29 29 08 68 09 08 08 08 08 63 61 01
# STREAM TERMINADO
00 00 08 68 08 6b 09 08 29 28 69 69 29 09 61 00 08 28 08 69 09 08 69 68 29 29 69 09 21 00 08 68 08 6b 09 08 29 28 69 69 29 09 61 00 08 29 21 6b 69 08 28 09 08 08 08 08 61 61 01
00 08 69 61 29 29 08 68 09 08 08 08 08 61 61 01 00 08 6b 61 69 29 08 68 09 08 08 08 08 63 63 01
# STREAM TERMINADO
00 00 08 08 61 69 09 08 69 68 29 29 6b 68 61 00 08 08 21 6b 09 08 29 68 69 69 29 28 63 00 08 08 61 69 09 08 69 68 29 29 69 68 21 00 08 69 61 29 29 08 68 09 08 08 08 08 63 61 01
00 08 69 61 29 6b 08 68 09 08 08 08 08 63 61 01 00 08 69 61 29 6b 08 68 09 08 08 08 08 61 61 01
# STREAM TERMINADO
00 00 08 61 08 6b 09 08 29 68 69 69 21 08 61 08 00 08 21 08 69 09 08 69 68 69 29 21 08 61 08 00 08 63 08 29 09 08 69 68 29 29 63 08 21 08 00 08 69 61 29 29 08 68 09 08 08 08 08 63 63 01
00 08 6b 63 69 29 08 68 09 08 08 08 08 21 21 01 00 08 6b 63 69 29 08 68 09 08 08 08 08 21 63 01
# STREAM TERMINADO
00 00 08 28 08 69 09 08 69 68 29 29 6b 09 21 00 08 68 08 29 0b 08 29 28 29 6b 69 09 21 00 08 68 08 29 09 08 29 28 69 69 29 09 61 00 08 29 21 69 69 08 28 0b 08 08 08 08 21 21 03
00 08 6b 63 69 29 08 28 09 08 08 08 08 21 21 03 00 08 29 21 6b 69 08 28 09 08 08 08 08 21 21 01
# STREAM TERMINADO
00 00 08 08 21 29 09 08 29 28 29 6b 69 28 21 00 08 08 21 29 09 08 29 28 6b 69 29 28 21 00 08 08 21 29 0b 08 29 28 6b 69 29 28 21 00 08 69 61 29 29 08 68 09 08 08 08 08 63 61 01
00 08 69 61 69 29 08 68 09 08 08 08 08 21 21 01 00 08 29 21 6b 69 08 28 0b 08 08 08 08 61 21 01
# STREAM TERMINADO
00
00 08 61 08 29 09 08 29 28 6b 69 21 08 63 08 00 08 61 08 6b 09 08 29 28 6b 69 21 08 63 08 00 08 21 08 69 09 08 69 68 29 29 61 08 21 08 00 08 29 21 6b 69 08 28 09 08 08 08 08 61 21 01
00 08 69 61 29 6b 08 68 09 08 08 08 08 63 61 01 00 08 6b 61 69 29 08 68 09 08 08 08 08 21 21 01
# STREAM TERMINADO
00
00 08 28 08 69 09 08 69 68 29 29 6b 09 61 00 08 28 08 6b 09 08 6b 68 69 29 29 0b 61 00 08 68 08 29 09 08 29 28 6b 69 69 09 63 00 08 6b 63 69 29 08 68 09 08 08 08 08 21 21 03 00 08
29 63 69 69 08 28 0b 08 08 08 08 21 21 01 00 08 29 21 6b 69 08 28 0b 08 08 08 08 61 21 01
# STREAM TERMINADO
00
00 08 08 21 29 09 08 29 28 6b 69 69 28 21 00 08 08 63 6b 09 08 6b 68 69 29 29 68 63 00 08 08 21 29 0b 08 29 28 6b 69 69 28 21 00 08 69 61 69 29 08 68 09 08 08 08 08 21 63 01 00 08 69 61 69
29 08 68 09 08 08 08 08 21 63 01 00 08 29 21 6b 69 08 28 0b 08 08 08 08 61 21 01
# STREAM TERMINADO
00
00 08 61 08 6b 09 08 29 28 69 69 21 08 63 08 00 08 61 08 29 0b 08 29 28 29 6b 61 08 21 08 00 08 21 08 69 09 08 69 68 29 29 61 08 21 08 00 08 29 21 6b 69 08 28 0b 08 08 08 08 21 21 01 00 08 6b 63 69 29 08 68
09 08 08 08 08 21 21 01 00 08 29 21 6b 69 08 28 09 08 08 08 08 61 61 01
# STREAM TERMINADO
